目標向量 A = [827, 469, 179, 703, 231, 723, 473, 136, 372, 191, 395, 513, 912, 353, 372, 34, 697, 189, 973, 967, 256, 172, 140, 143, 323, 27, 685, 75, 725, 345, 388, 337, 500, 675, 783, 248, 304, 970, 992, 676, 856, 807, 493, 455, 542, 148, 459, 333, 360, 251, 355, 934, 278, 99, 542, 953, 582, 829, 975, 855, 580, 212, 463, 377, 668, 869, 577, 905, 291, 785, 678, 296, 893, 1000, 527, 290, 614, 156, 836, 639, 923, 814, 88, 451,
165, 717, 687, 643, 235, 32, 942, 359, 477, 951, 159, 192, 608, 843, 784, 807, 983, 406, 962, 378, 472, 300, 94, 94, 441, 959, 861, 492, 626, 698, 272, 699, 423, 164, 200,
382, 795, 436, 749, 441, 332, 961, 440, 854, 728, 438, 49, 236, 397, 119, 523, 289, 840, 299, 768, 918, 901, 581, 710, 483, 559,
247, 944, 397, 3, 307, 990, 932, 393, 988,
220, 883, 62, 287, 620, 769, 623, 443, 663, 985, 997, 265, 727, 625, 305, 321, 826, 648, 504, 597, 577, 9, 424, 471, 288, 421, 487, 2, 799, 313, 946, 378, 364, 656, 27, 780, 314, 576, 616, 858, 426, 490, 906, 340, 436, 129, 15, 686, 479, 398, 392, 190, 94, 397, 526, 872, 129, 223, 876, 823, 749, 956, 239, 583, 335, 978, 787, 75, 975, 62, 449, 744, 849, 876, 612, 127, 803, 253, 1000, 751, 49, 549, 274, 433, 555, 81, 415, 958, 886, 143, 163, 482, 336, 446, 768, 926, 291, 77, 458, 231, 728, 63, 430, 461, 140, 455, 874, 126, 626, 198, 48, 899, 909, 970, 755, 36, 319, 749, 825, 412, 222, 914, 411, 839, 953, 235, 637, 333, 811, 399, 387, 362,
513, 402, 992, 554, 931, 965, 393, 596, 915, 177, 959, 264, 689, 864, 829, 969, 414, 52, 500, 459, 112, 93, 303, 32, 399, 136, 263, 681, 595, 35, 514, 360, 979, 750, 519, 719, 319, 687, 110, 852, 711, 673, 884, 611, 906, 868, 914, 90, 299, 388, 577, 261, 15, 976, 925, 823, 981, 182, 426, 662, 753, 534, 852, 60, 467, 498, 222, 321, 874, 478, 501, 244, 926, 257, 647, 786, 977, 946, 969, 227, 879, 12, 244, 4, 837, 980, 19, 521, 310, 778, 407, 494, 33, 240, 398, 315, 647,
121, 641, 896, 297, 771, 891, 752, 523, 410, 740, 253, 803, 608, 709, 514, 435, 624, 789, 189, 225, 679, 962, 68, 536, 404, 1, 146, 954, 372, 998, 1, 413, 235, 170, 270, 889, 237, 9, 332, 814, 946, 412, 529, 283, 50, 424, 645, 769, 632, 511, 550, 37, 597, 287, 432, 65, 223, 684, 360, 990, 164, 340, 484, 971, 898, 774, 303, 112, 497, 931, 737, 327, 895, 175, 672, 646, 311, 120, 27, 576, 494, 788, 163, 275, 710, 846, 682, 543, 426, 457, 31, 91, 867, 261, 268, 73, 786, 547, 959, 197, 332, 688, 165, 392, 376, 894,
464, 433, 433, 823, 618, 144, 240, 569, 177, 671, 913, 687, 240, 704, 839, 704, 503, 216, 22, 870, 934, 647, 171, 783, 705, 608,
827, 122, 929, 73, 197, 606, 533, 810, 845, 419, 324, 500, 263, 86, 244, 120, 469, 135, 611, 525, 75, 113, 32, 400, 207, 90, 597, 924, 677, 771, 772, 535, 336, 94, 639, 724, 100, 37, 629, 7, 227, 60, 81, 313, 174, 988, 727, 973, 269, 383, 301, 639, 404, 539, 200, 775, 684, 728, 983, 963, 683, 913, 569, 55, 620, 101, 828, 891, 602, 937, 292, 414, 288, 7, 64, 423, 434, 781, 272, 597, 339, 565, 183, 750, 220, 706, 694, 404, 11, 54, 105, 181, 418, 172, 761, 296, 345, 961,
964, 483, 737, 934, 479, 461, 605, 789, 342, 624, 470, 694, 661, 823, 524, 324, 435, 701, 766, 824, 213, 140, 300, 490, 225, 453, 803, 670, 838, 488, 311, 369, 475, 211, 58, 82, 656, 450, 339, 559, 882, 311, 228, 707, 221, 520, 372, 819, 901, 363, 417, 623,
371, 564, 628, 81, 123, 804, 875, 826, 603, 536, 39, 796, 331, 825, 991, 707, 599, 481, 482, 932, 492, 399, 58, 77, 700, 53, 598, 854, 976, 928, 997, 460, 718, 628, 750, 512, 15, 481, 764, 873, 408, 268, 432, 21, 515, 968, 165, 292, 603, 491, 310, 264, 856,
981, 322, 937, 142, 828, 619, 100, 594, 420, 22, 876, 652, 324, 492, 854, 513, 378, 694, 849, 115, 343, 27, 220, 763, 786, 302, 160, 134, 404, 963, 65, 92, 310, 836, 533, 944, 488, 228, 245, 22, 578, 373, 694, 227,
435, 694, 684, 692, 473, 187, 937, 922, 676, 186, 55, 389, 300, 267, 470, 539, 813, 371, 876, 371, 646, 599, 570, 349, 288, 581,
366, 606, 863, 44, 630, 952, 313, 581, 920, 746, 834, 624, 864, 166, 356, 51, 909, 350, 650, 933, 447, 223, 690, 656, 285, 992, 469, 820, 884, 134, 851, 476, 689, 618, 845, 127, 230, 406, 265, 565, 393, 375, 773, 552, 355, 637, 65, 841, 115, 397, 454, 138, 31, 899, 373, 921, 7, 795, 527, 128, 938, 66, 434, 448, 10, 263, 633, 994, 262, 521, 124, 841, 905, 344, 828, 322, 195, 354, 543,
372, 324, 275, 567, 564, 180, 76, 943, 213, 980, 43, 101, 533, 252, 996, 979, 55, 934, 422, 343, 918, 529, 450, 346, 319, 378, 860, 810, 284, 60, 291, 713, 298, 960, 21, 113, 636, 301, 979, 816, 19, 111, 248, 789, 563, 725, 892, 428, 107, 443, 158, 53, 273,
956, 149, 726, 330, 956, 579, 715, 721, 164, 476, 535, 959, 760, 43, 477, 649, 591, 721, 279, 748, 929, 262, 186, 535, 186, 215,
851, 298, 840, 200, 122, 134, 465, 372, 766, 366, 66, 406, 744, 921, 406, 819, 298, 695, 567, 502, 848, 559, 865, 776, 11, 707, 183, 7, 433, 297, 93, 129, 905, 318, 690, 112, 255, 348, 448, 920, 736, 700, 483, 961,
327, 705, 162, 528, 109, 389, 758, 108, 162, 142, 129, 283, 241, 66, 855, 740, 775, 55, 862, 685, 329, 53, 769, 810, 94, 784, 108, 446, 403, 229, 939, 466, 328, 818, 17, 925, 435, 494, 126, 607, 571, 161, 221, 249,
17, 30, 392, 135, 655, 46, 792, 529, 340, 741, 525, 250, 994, 398, 690, 380, 621, 82,
66, 313, 409, 766, 405, 645, 200, 537, 744, 30, 753, 823, 727, 35, 88, 28, 817, 6, 939, 173, 59, 724, 100, 621, 724, 755, 144, 750, 562, 637, 975, 870, 663, 960, 762, 993,
563, 457, 532, 789, 733, 958, 916, 527, 490, 990, 556, 576, 810, 38, 880, 299, 422, 889, 41, 229, 338, 365, 947, 493, 351, 912, 656, 47, 826, 874, 641, 669, 258, 75, 868, 47, 958, 284, 389, 563, 137, 727, 389, 72, 336, 502, 87, 29, 862, 482, 288, 21, 775, 701, 971, 342, 505, 528, 293, 511, 473, 299,
213, 905, 842, 669, 587, 635, 696, 659, 746, 510, 528, 248, 967, 564, 437, 463, 606, 234, 531, 945, 406, 593, 472, 109, 82, 925,
786, 801, 964, 259, 739, 469, 502, 523, 909, 118, 629, 884, 192, 598, 332, 340, 395, 835, 60, 529, 971, 569, 16, 313, 741, 530, 777, 909, 870, 350, 719, 863, 789, 738, 997, 18, 797, 582, 683, 361, 974, 19, 284, 361, 25, 975, 272, 199, 845, 927, 819, 942, 402, 685, 795, 919, 852, 531, 268, 59, 879, 199, 421, 555, 595, 415, 354, 179, 739, 746,
745, 599, 567, 731, 239, 401, 92, 397, 118, 997, 944, 268, 628, 952, 946, 907, 970, 81, 740, 962, 215, 232, 367, 597, 988, 377, 279, 672, 784, 315, 265, 542, 540, 836, 904, 765, 507, 655, 750, 18, 129, 592, 945, 487, 976, 33, 314, 200, 210, 572, 883, 168, 27, 85, 410, 513, 339, 629, 697, 3, 533, 31,
93, 206, 420, 67, 968, 525, 218, 678, 975,
990, 683, 731, 634, 851, 617, 519, 15, 943, 566, 928, 601, 282, 293, 493, 424, 843, 906, 268, 912, 148, 989, 40, 164, 174, 200, 262, 369, 902, 666, 95, 918, 9, 188, 162, 358, 516, 138, 694, 538, 543, 227, 578, 961,
212, 859, 521, 965, 279, 435, 921, 184, 705, 961, 524, 963, 676, 622, 319, 559, 72, 366, 600, 28, 927, 947, 989, 45, 450, 214, 757, 757, 49, 877, 917, 793, 969, 61, 16, 92, 175, 803, 180, 540, 538, 913, 57, 613, 435, 127, 340, 379, 740, 534, 346, 304, 467, 355, 507, 300, 844, 97, 526, 202, 579, 853,
670, 691, 932, 150, 144, 975, 129, 270, 376, 966, 779, 681, 779, 209, 227, 241, 486, 226, 429, 991, 792, 14, 160, 134, 423, 293,
151, 195, 997, 568, 626, 352, 476, 250, 374, 596, 810, 556, 977, 818, 705, 139, 262, 469, 297, 746, 675, 674, 674, 909, 310, 978, 996, 724, 661, 470, 779, 679, 9, 124, 170, 984, 266, 131, 619, 128, 762, 49, 300, 732, 403, 523, 921, 538, 526, 247, 641, 630, 528, 267, 299, 649, 40, 508, 489, 673, 527,
306, 637, 692, 230, 606, 749, 782, 585, 272, 15, 355, 632, 249, 336, 212, 720, 765, 169, 703, 322, 725, 145, 255, 698, 131, 185,
108, 407, 613, 16, 379, 726, 925, 925, 603, 692, 382, 228, 547, 885, 290, 966, 994, 71, 476, 191, 174, 624, 774, 639, 576, 908, 866, 418, 673, 914, 323, 397, 631, 751, 528, 301, 741, 441, 192, 798, 813, 734, 357, 226, 242, 930, 71, 354, 735, 584, 630, 269, 33, 457, 135, 429, 234, 756, 126, 858, 264,
205, 169, 907, 315, 381, 371, 435, 291, 304, 789, 159, 131, 837, 73, 965, 316, 465, 271, 744, 198, 448, 541, 641, 214, 688, 151,
515, 193, 52, 821, 402, 887, 988, 193, 503, 133, 169, 812, 107, 689, 691, 600, 77, 112, 258, 76, 158, 961, 78, 60, 378, 790, 292, 713, 820, 156, 526, 681, 445, 606, 164, 520, 609, 473, 95, 974, 104, 690, 162, 387, 865, 450, 808, 325, 941, 112, 223, 995, 251, 273, 689, 364, 184, 137, 825, 836, 660, 977, 995, 716, 572, 349, 101, 828, 996, 303,
234, 103, 609, 882, 224, 875, 305, 950, 607, 225, 152, 915, 645, 79, 731, 478, 643, 756, 898, 733, 943, 210, 970, 126, 114, 286,
904, 714, 589, 527, 900, 355, 736, 211, 244, 1, 399, 546, 635, 756, 86, 717, 754, 130, 660, 445, 87, 990, 249, 537, 761, 619, 644, 335, 379, 403, 64, 29, 896, 486, 271, 682, 409, 328, 659, 566, 241, 94, 212, 533, 614, 617, 709, 840, 577, 142, 367, 107, 320,
396, 731, 456, 521, 655, 224, 206, 518, 791, 694, 400, 826, 607, 228, 294, 358, 445, 876, 603, 524, 58, 816, 828, 975, 79, 917, 672, 646, 245, 454, 523, 927, 898, 3, 199, 56, 183, 695, 387, 563, 27, 597, 12, 806, 592, 980, 737, 878, 666, 558, 926, 390, 725,
719, 807, 886, 277, 905, 876, 296, 854, 246, 591, 135, 378, 304, 41, 466, 434, 263, 320, 870, 444, 130, 354, 306, 2, 853, 668, 716, 797, 478, 688, 958, 832, 1, 897, 143, 786, 811, 354, 410, 490, 595, 335, 620, 127,
226, 26, 503, 544, 935, 418, 624, 908, 484, 926, 615, 868, 216, 4, 964, 228, 331, 732, 635, 876, 985, 253, 20, 307, 289, 5, 432,
96, 604, 258, 360, 679, 566, 257, 604, 842, 85, 772, 938, 382, 151, 742, 303, 55, 585, 530, 992, 679, 43, 254, 449, 600, 160, 508, 382, 244, 473, 363, 371, 501, 903, 823, 760, 405, 155, 745, 855, 760, 147, 703, 103, 529, 851, 757, 856, 160, 357, 47, 623, 290, 722, 46, 205, 249, 612, 688, 726, 529, 409, 960, 100, 348, 185, 39, 366, 447, 684, 587, 154, 750, 413, 83, 11, 94, 676, 531, 567, 480, 929, 691, 578, 574, 91, 881, 912, 844, 929, 198, 738, 610, 530, 648, 127, 206, 161, 19, 434, 943, 625, 318, 453, 77, 766, 89, 201, 456, 426, 577, 852, 44, 171, 633, 721, 499, 638, 444, 370, 959, 573, 841, 709, 777, 809, 275, 154, 526, 325, 504, 8, 516, 712, 28, 650, 18, 658, 559, 187, 118, 290, 151, 99, 904, 207, 496, 113, 652, 499, 979, 227, 240, 729, 722, 662, 784, 413, 265, 327, 834, 372, 317, 309, 839, 480, 548, 757, 155, 627, 341, 757, 910, 985, 405, 212,
972, 443, 201, 860, 451, 553, 990, 10, 700, 371, 840, 951, 187, 437, 61, 185, 545, 808, 565, 941, 168, 364, 997, 38, 127, 951, 71, 901, 925, 296, 799, 922, 367, 681, 946, 205, 974, 979, 12, 767, 395, 928, 936, 517,
323, 693, 89, 192, 99, 693, 112, 549, 535,
465, 823, 821, 478, 430, 498, 965, 517, 449, 284, 740, 525, 236, 573, 918, 121, 959, 30, 438, 234, 339, 348, 696, 682, 619, 257,
691, 435, 787, 975, 930, 733, 488, 976, 429, 270, 39, 480, 211, 833, 548, 213, 625, 779, 207, 94, 649, 637, 925, 234, 162, 635, 610, 995, 924, 223, 865, 223, 845, 68, 766,
18, 907, 558, 360, 60, 133, 399, 430, 721,
420, 208, 655, 120, 394, 283, 986, 197, 126, 501, 77, 177, 259, 586, 917, 828, 607, 635, 852, 473, 813, 265, 309, 630, 883, 786,
229, 689, 983, 457, 42, 150, 638, 847, 363, 752, 619, 788, 1, 442, 712, 464, 105, 70,
685, 940, 126, 910, 651, 636, 352, 135, 633, 25, 812, 85, 730, 1, 367, 411, 610, 187,
550, 139, 915, 818, 412, 995, 203, 460, 692, 972, 901, 4, 976, 275, 15, 299, 551, 989, 232, 144, 659, 322] ，向量長度 = 2279 fn = 36380082844781493605631752972159420189178925373830623348527665375143049200751288401073669930121709378378092804686408776598674295535281142334458077621899692096449017041136291221191787155680126208662697908622138878518631489003907658023447953065350000397481336591789359494193966933389477050691129346530236

========== (一) LOG轉換 ==========
tLog = 0.0079784393310547
B向量長= 505

========== (二)-1 二進位轉換 ==========
tBin = 0.0179283618927002
B向量長= 505

========== (二)-2 計算二進位後，1的個數 ==========
tBinNum = 0.0109882354736328
B向量長= 505

========== (三) KAO ==========
nSol = 36380082844781493605631752972159420189178925373830623348527665375143049200751288401073669930121709378378092804686408776598674295535281142334458077621899692096449017041136291221191787155680126208662697908622138878518631489003907658023447953065350000397481336591789359494193966933389477050691129346530236
arrSol= [1001]
tKAO = 0.6502804756164551
B向量長= 505

========== (四)-1 Chi ==========
tChi_1 = 0.0029962062835693
B向量長= 505

========== (四)-2 Chi ==========
tChi_1 = 0.0020132064819336
B向量長= 19

========== (五) Rick ==========
tChi_1 = 0.0020101070404053
B向量長 = 505

{
 "ratioLog": 3.9691614280631007,
 "ratioBin": 8.919108053611671,
 "ratioBinNum": 5.466492705491638,
 "ratioKAO": 323.50539675008895,
 "ratioChi_1": 1.4905705135808327,
 "ratioChi_2": 1.001541928596845,
 "ratioRick": 1.0
}
最快的算法 = ratioRick
為 最慢算法 的：
percent: 0.31%