
發生一次答案有誤

目標向量 A = [22, 49, 40, 88, 30, 34, 65,
4, 25, 76, 44, 66, 87, 99, 55, 97, 2, 91,
8, 91, 46, 65, 27, 17, 15, 81, 74, 44, 68, 92, 93, 49, 24, 46, 92, 100, 71, 74, 49,
5, 69, 49, 96, 9, 31, 43, 18, 21, 7, 77, 1, 100, 100, 48, 75, 33, 31, 82, 74, 91, 23, 47, 88, 71, 28, 80, 7, 43, 27, 64, 35, 74, 87, 4, 74, 56, 74, 67, 7, 48, 36, 63, 94, 89, 71, 73, 70, 96, 95, 11, 42, 7, 64,
48, 14, 88, 28, 20, 72, 64, 27, 85, 85, 16, 75, 88, 18, 59, 40, 50, 68, 30, 78, 46,
42, 23, 25, 21, 88, 39, 71, 49, 31, 5, 36, 27, 35, 27, 55, 47, 10, 23, 100, 38, 14,
2, 16, 28, 6, 15, 7, 56, 73, 22, 9, 77, 87, 86, 13, 38, 12, 96, 99, 65, 60, 98, 98,
34, 78, 14, 61, 81, 51, 21, 27, 39, 98, 90, 30, 11, 23, 72, 85, 30, 36, 74, 46, 55,
35, 9, 31, 25, 57, 78, 69, 18, 93, 35, 11, 49, 89, 54, 14, 56, 90, 58, 82, 1, 7, 74, 93, 42, 36, 2, 16, 55, 71, 28, 42, 84, 46, 100, 74, 56, 54, 31, 97, 32, 70, 83, 61, 41, 45, 36, 34, 65, 17, 98, 3, 94, 67, 36, 50, 83, 88, 88, 16, 27, 73, 68, 68, 34,
31, 23, 5, 97, 14, 92, 52, 77, 42, 96] ，
向量長度 = 252 fn = 9803651479456868728850430203608

========== (一) LOG轉換 ==========
取 log 花費秒數= 0.0029866695404053
logList =  [102, 101, 100, 99, 97, 96, 95, 93, 92, 91, 90, 88, 86, 83, 82, 81, 78, 77, 75, 74, 73, 72, 73, 72,                                                                                          3, 18, 171, 68, 67, 66, 65, 64, 63, 62, 61, 58, 55, 53, 52, 48, 47, 45, 43, 41, 36, 34, 33, 32, 31, 25,23, 18,logList =  [102, 101, 100, 99, 97, 96, 95, 93, 92, 91, 90, 88, 86, 83, 82, 81, 78, 77, 75, 74, 73B向量長= 57
, 72, 71, 68, 67, 66, 65, 64, 63, 62, 61, 58, 55, 53, 52, 48, 47, 45, 43, 41, 36, 34, 33, 32, 31
,========= (二) 二進位轉換 ==========                                                           3, 72, 7logList =  [102, 101, 100, 99, 97, 96, 95, 93, 92, 91, 90, 88, 86, 83, 82, 81, 78, 77, 75, 74, 73, 18, 173, 72, 71, 68, 67, 66, 65, 64, 63, 62, 61, 58, 55, 53, 52, 48, 47, 45, 43, 41, 36, 34, 33, 32 3logList =  [102, 101, 100, 99, 97, 96, 95, 93, 92, 91, 90, 88, 86, 83, 82, 81, 78, 77, 75, 74, 73, 72, 71, 68, 67, 66, 65, 64, 63, 62, 61, 58, 55, 53, 52, 48, 47, 45, 43, 41, 36, 34, 33, 32, 31, 25, 23, 18, 17, 15, 12, 10, 9, 7, 6, 4, 3] B向量長= 57========== (二) 二進位轉換 ==========二進位轉換 花費秒數= 0.0029885768890381binList =  [102, 101, 100, 99, 97, 96, 95, 93, 92, 91, 90, 88, 86, 83, 82, 81, 78, 77, 75, 74, 73, 72, 71, 68, 67, 66, 65, 64, 63, 62, 61, 58, 55, 53, 52, 48, 47, 45, 43, 41, 36, 34, 33, 32, 31, 25, 23, 18, 17, 15, 12, 10, 9, 7, 6, 4, 3]
 B向量長= 57

========== (三) 計算 二進位中 1的個數 ==========
B向量長= 57

========== (四) Chi ==========
fn_chi = 9803651479456868728850430203608
 B向量長= 57

========== (五) Rick ==========
B向量長= 58

{
 "ratioLog": 1.497370308391107,
 "ratioBin": 1.4983265598852498,
 "ratioBinNum": 1.0,
 "ratioChi": 1.5117140808032512,
 "ratioRick": 1.499880468563232
}
最快的算法 = ratioBinNum
為 最慢算法 的：
percent: 66.15%